1816058787507159540
1815967241759785345
1815935926096232753
1815930558708363717
1815907844434112999
1815887663473332299
1815887637594660880
1815862269722415388
1815861901395382520
1815846057328161172
1815775961939616205
1815614032407105739
1815595311177334944
1815528482161463536
1815515892261728463
1815509886660415896
1815460900624818311
1815451522748010786
1815451251020308924
1815445906361381366
1815443146014171281
1815426844369322425
1815343430509199623
1815343269594722622
1815325410667749760
1815340648779702650
1815330372143435778
1815278943148167315
1815271887989297229
1815256851778318506
1815256195009028318
1815225115803603237
1815205873846796378
1815203930692895029
1815193874366640591
1815193067491676589
1815187468691316946
1815180506226368783
1815139744860528843
1815111254668935564
1815107118120268148
1815106699981975853
1815105968381820966
1815101282367009275
1815098272849056151
1815094571497595108
1815091075431678146
1815089436067274970
1815088457007718716
1815087759838806200
1815081511806247306
1815053805077086351
1815053281925767571
1815036854267265028
1814686582361743772
1814682173376491913
1814677401051320796
1814676935588344300
1814676749348667661
1814666180356878703
1814665511126331423
1814660865255158080
1814657489297719696
1814656841919480016
1814656423378182275
1814550221361119328
1814549888899621358
1814549353303880116
1814545887378522538
1814366864715178165
1814354894326739057
1814347534233444645
1814342948634632606
1814340912677539934
1814340751943512190
1814340118951412123
1814340026420871238
1814338027738607951
1814333683798810872
1814302788911837227
1814252893517553843
1814203437275361458
1814201134371709386
1814188075901198530
1814186716338475475
1814185538368196699
1814165450135105643
1814164936211198420
1814072139781181605
1814071041146474785
1814063972783374683
1814057109056598382
1814049945923559812
1813986873016012874
1813985462559572144
1813984843471978730
1813972462641815744
1813971832707654059
1813967606677946656
1813953348036677791
1813944023574573554
1813941222463217866
1813940163208413603
1813939229103411268
1813937913479983592
1813937711390331086
1813797641865805860
1813766850372669462
1813704394980180449
1813703783509262677
1813702954752585835
1813635656750653833
1813630190108483647
1813628249689526692
1813612957219402042
1813612456578830449
1813610782032330983
1813610186738921568
1813595907042210115
1813607517702013284
1813603548078202992
1813601633172877820
1813596367299965248
1813588060149592126
1813586120883699902
1813583822308712860
1813579609067397257
1813447180096561578
1813443123407708299
1813442557185073460
1813437642559877122
1813388983109357933
1813342677540253715
1813337872612880631
1813314896794403105
1813314266143093134
1813310286465785982
1813310196506349995
1813302019115069506
1813301437033746904
1813298540581720215
1813295489032622586
1813290895334383820
1813291920535486718
1813291165820821890
1813230478658576748
1813227748137312584
1813227045629096413
1813224987916181719
1813223978884079966
1813222138385768781
1813220423171252686
1813219997575266667
1813111136264573003
1813006521497776496
1813006211584856459
1812941050237100074
1812940667930435834
1812940286387232956
1812934175063998937
1812932793250509144
1812931869023084912
1812925600094691783
1812924962627592524
1812885001991835955
1812884329078587744
1812880540170940691
1812874506438140090
1812869450615677382
1812869137506668839
1812866710137118941
1812684038920098169
1812682527573983592
1812680109536821727
1812673141090726366
1812672815713460340
1812650070594244880
1812622300346474708
1812613032721203488
1812603461722153037
1812602944975782245
1812567660955374010
1812564755087077460
1812323037972512998
1812322206221021200
1812322166643507711
1812296672510111853
1812294636913754153
1812294005016727969
1812293810233266495
1812291118903464234
1812288733405917688
1812278791105913068
1812276202184589329
1812260638569177510
1812258574049157405
1812256998588662068
1812250102259646888
1812176936829145486
1812175853108781254
1812171136358113604
1812169849075884134
1812102074588426669
1812005860601741445
1812001286855827806
1811994343223197704
1811993463082074144
1811992758665486803
1811986186010874055
1811952553761890474
1811952427760808006
1811924287525126378
1811327840257761584
1811849963762045144
1811849042001035287
1811805084981834164
1811799561939132877
1811783504578924825
1811783320839008381
1811776109760922100
1811772058067509628
1811768409455026445
1811656693387866309
1811656400583508469
1811637563976798408
1811602088423567766
1811469579828494504
1811451697077608887
1811422124843860463
1811421880622174707
1811360296218341403
1811349732809113823
1811329608995746101
1811323041671975179
1811319691052278180
1811318658993369281
1811290840222097875
1811279047953125619
1811185145455820942
1811122393097851238
1811111478835249270
1811088280320102884
1811086120408732074
1811085443502592132
1811073410442875214
1811066596150202675
1811050217061728759
1810887584232657026
1810808931486421311
1810718279561855149
1810711659423428871
1810711294435033328
1810710613280043049
1810706658949009453
1810699563210313880
1810697965268504690
1810697313070772524
1810697066026606858
1810622035002827191
1810609980816478506
1810582180692697245
1810581873703194727
1810568775973966188
1810561291376787549
1810554339435430351
1810454369000727022
1810454245109571615
1810422034956234896
1810421975552295405
1810420372635799765
1810378743107694797
1810377948811481340
1810377638269038622
1810373775579558240
1810362613747864027
1810362325305565489
1810362113019261203
1810362000960070013
1810290039974146328
1810289030648504565
1810276907444846802
1810011702802751806
1809931527116984556
1809603987630326148
1809603789390836038
1809381756199661879
1809379265181339893
1809378811277951278
1809377894571077842
1809374976845156801
1809374217151897911
1809251925306777944
1809090690766233873
1809075370861162888
1809070845689516043
1808918385063026902
1808918183216046342
1808906149401424354
1808895200200098201
1808727124783644694
1808725544663498966
1808719533235913083
1808719436679164391
1808505060256604342
1808504969697366191
1808355026126999784
1808353652685299760
1808353572171427861
1808205875191984412
1808178681933668710
1808173492010983712
1808168603721650364
1808157976911364355
1808154240658870448
1808153564696428894
1808151987776540892
1808151448330326354
1807987111083364811
1807841674582020566
1807815331857207775
1807778836203147707
1807762114779685128
1807761917274214899
1807757765655625890
1807660374227026377
1807654463081238670
1807640841068142695
1807632775664771336
1807629976738689148
1807611879499747768
1807614919384391977
1807591743053021438
1807591366954045841
1807588014652338355
1807517547786633355
1807516657130127512
1807516397041316251
1807515190809739541
1807511645239054714
1807491893095432440
1807491298015768981
1807484028943216892
1807482263199707295
1807432832295239833
1807431490763968962
1807343536909455461
1807342765795156100
1807216114734178384
1807203063096369211
1807064996842791313
1806958509260689693
1806958142011621548
1806942360552829011
1806915818401517741
1806915216460111975
1806855517987619024
1806784946679488645
1806776764536062349
1806776446758916199
1806768587950211106
1806762951107649661
1806762617085841465
1806760601701724565
1806750251510112546
1806736896040849812
1806703588699255125
1806699977034420304
1806697085107851307
1806565737152041420
1806557484120740284
1806554854002749643
1806547577677938859
1806455085150458355
1806445103772311646
1806444405609390557
1806380410399592589
1806287939028033836
1806284315493290353
1806279364666867784
1806225734920196507
1806224976216739871
1806219134243373086
1806186887498870838
1806198269514494393
1806108812878749814
1806107546610229498
1806107488904688033
1806011322238206432
1805804111037919520
1805803302824853870
1805798876139634709
1805798253818265998
1805798206259003757
1805798000708796901
1805661274577289554
1805650134828728488
1805643355768111580
1805604091089109159
1805408720975020316
1805401721973391410
1805314016065314890
1805160492828430825
1805157960961986650
1805132805921468461
1805116562484986087
1805098008209449031
1805085854823600211
1804873761486676230
1804532172344131961
1804529658005803227
1804509454861565954
1804496195198611760
1804278051167179104
1804217213429350818
1804204747601424648
1804188196546449660
1804172655232454965
1804162414012961193
1803930544830582799
1803929344685019530
1803813308715106808
1803845366183256178
1803788430012187075
1803783427616821401
1803782393645437295
1803776897790140449
1803643556180996169
1803592213609292178
1803453396382580982
1803441170686628124
1803415709759803802
1803386499963961709
1803379461015965742
1803338306156994787
1803152235108692123
1803083203244150928
1803077464463114479
1803076707538071575
1803076200404787500
1802954333018808458
1802952562590495150
1802787641340952861
1802765778191597688
1802765000794087765
1802764654273315232
1802714862658715918
1802713838699032716
1802713444635811989
1802502023470080150
1802410860532703352
1802409584189194530
1802404301047992770
1802398739019210868
1802384142728106190
1802293126280990857
1802016638721773642
1802010958828843203
1802010453771780269
1802009851687797234
1801982066680361140
1801977467218853932
1801976488251814048
1801649649054318675
1801495332754223165
1801494947712901291
1801491464532132008
1801486025178464454
1801480427166728677
1801422995161849875
1801390163941081279
1801346960990912863
1801345127941816519
1801287629243138312
1801273575573233951
1801103502812295430
1801093515650474300
1801086848128979369
1801084780035154058
1801045558318313746
1801045037532221819
1800928963507913146
1800924375010648136
1800914373512495414
1800909236597383455
1800908699126661356
1800905349148664295
1800904669872656738
1800759374941659572
1800759252224729577
1800754578008457687
1800754455409004814
1800617602504606155
1800606627319456065
1800603619236192421
1800601849973576068
1800541128393117836
1800537041022898430
1800519221421690997
1800514410227904589
1800287174065115424
1800282625434849432
1800274139162485165
1800272349134279011
1800269249912381773
1800265431078551973
1800140327015329924
1800121852905623750
1800042705399234749
1800032983270735979
1800031708508815588
1800027167163929070
1799902072529375539
1799650788848841069
1799646834417377637
1799644167171125613
1799641158395756626
1799640950752641233
1799621606744162548
1799598428772520315
1799577948262957370
1799525711872417864
1799508860006170952
1799505660813455441
1799497454812844047
1799417761539805431
1799314671381676108
1799282802103341466
1799282406328840330
1799282138304385331
1799281485977092426
1799120923716354252
1799119259177488540
1798937746624631249
1798846199635869945
1798838547333763150
1798837841319141829
1798837571226657001
1798829514375520746
1798821499224146188
1798821432232661297
1798821071128608972
1798819680976781384
1798819636181713280
1798751837920936278
1798745841836110239
1798744793478213771
1798735740018516218
1798733153462517825
1798718549307109867
1798707679340507414
1798707652736012400
1798707624369893521
1798707525619233120
1798706177553121357
1798698658772525069
1798556629920559164
1798504201196368219
1798494289280020989
1798493697904189580
1798493500918714859
1798486554337563118
1798401666267357650
1798398470065398000
1798372400758931849
1798371834557313322
1798360824853282923
1798356118923841580
1798348864296247416
1798341946328645903
1798338630471364871
1798224002340790595
1798224591837598188
1798224237163123152
1798223581668896817
1798219738503676125
1798202688523718777
1798040247315648672
1797716866988908801
1797660307713859985
1797659343749615875
1797652414901948470
1797641611335315523
1797632518721831169
1797622148925890961
1797514397881192610
1797500992017297745
1797499471632519491
1797491033447821819
1797486385596875034
1797477407567524150
1797442834691445198
1797393009014669379
1797385481887363190
1797286297960165863
1797282250574184587
1797275279385137424
1797174660771008611
1797071331667632569
1796795162028335377
1796784064101224455
1796736542469181836
1796736510605001007
1796693447618760810
1796585681164378491
1796579097633763586
1796577674229588414
1796576471747826061
1796571695706509419
1796448840603906056
1796447179604955480
1796441240168436020
1796440638617244012
1796217867790110951
1796213106005115361
1796136756229570801
1796051160731676909
1795869252513087987
1795856574310650116
1795817587118686230
1795809849638346883
1795798299909173339
1795792090841965022
1795510072233050313
1795472768982458769
1795471904297382306
1795471329954537958
1795237071562375641
1795224535467270465
1795188864027398186
1794981927125987683
1794971979469959268
1794615155697025288
1794605275850371199
1794527505635832001
1794445334745325768
1794413021366022258
1794392792644690028
1794238958030983405
1794184373404840240
1794175493119644069
1794173683919208518
1794161292225421505
1794150387047690337
1794147920998273387
1794144519514189928
1794142909706711201
1794140283095158907
1794136591130394833
1794053393440469493
1794051318862262444
1794022138757648810
1794016667778928739
1793841342055166228
1793762549252628534
1793758447407956478
1793748023312629820
1793685157364543814
1793667283207995479
1793664067707834876
1793551542664274261
1793549358597886004
1793540037021430099
1793536271979303236
1793536136281030782
1793535782822842520
1793531309614330031
1793531055716401222
1793529371053191426
1793467069922725951
1793459695870697512
1793457708294934647
1793447467519803452
1793079650593517687
1792953914570019121
1792778957529710727
1792778662514950191
1792752230082416766
1792699521237234091
1792697418208956746
1792690964672450971
1792690117947314323
1792689139470704718
1792654343570870385
1792650907819421933
1792648834885050504
1792639102434632021
1792633926751760546
1792629142141177890
1792614304858120395
1792575469386179045
1792573194278453324
1792572030526886279
1792571388085358870
1792541008665936051
1792537777005031518
1792536841725661392
1792436819117879477
1792403500472864839
1792326610496246010
1792321635019870377
1792309903367061625
1792129896690639175
1792129080965681450
1792076597983613272
1792075636217090332
1792003357365936170
1791993595215642845
1791916829201600753
1791892242518741442
1791859736666878033
1791717405036847319
1791713117216612656
1791707380952207523
1791703368630722658
1791697765975876048
1791695760666607641
1791695511248080956
1791695064626057681
1791692285757034788
1791689030641578286
1791683611218805023
1791675740603257138
1791672494900089030
1791672112089882665
1791671822145974413
1791670970052125073
1791640932711837938
1791636698318745634
1791480027416060350
1791352738019709391
1791351500217754008
1791332539220521079
1791074806810501124
1791042021505020170
1791040271591031268
1791037547273203815
1791035887297663176
1791031052569600176
1791029436651102240
1791028785577631941
1791028377517989896
1790978078233252341
1790916692471902713
1790748130948030668
1790735431505682675
1790630289418690624
1790630211564052603
1790629998631723326
1790620026925727764
1790428755917250570
1790425166746382738
1790402066940080398
1790391774097088608
1790382311491445120
1790245005291913422
1790243981323816962
1790124424986849471
1790118678865838540
1790118216196329917
1790099423118164402
1789910829221003742
1789910764553216021
1789783108528554071
1789741310041272570
1789731229807333615
1789678328875745575
1789676834420044102
1789400837095088157
1789394404446282213
1789393397523915023
1789388954896113841
1789375681769423358
1789374509285269663
1789366024019886496
1789273707552412034
1789184692161569063
1789184117848059912
1789173902289338518
1789118836157059356
1789049294160621882
1789039218607747137
1789013961796407406
1788996442574450777
1788995093698936990
1788981896988242055
1788943191598612505
1788938169284485583
1788936435589947426
1788847191160705030
1788838767165415549
1788835845601952007
1788834859110002716
1788828194419736695
1788815539998953716
1788710558704804208
1788709934835683555
1788706137824518260
1788703645963362725
1788671611329007841
1788633216116785528
1788564251931508966
1788447422294749665
1788446894013780028
1788446671182926190
1788445088101650870
1788442903481647566
1788390449259942164
1788383707880894957
1788266690708431234
1788116543101882505
1788065938220486764
1788030832772563329
1788028272628097460
1787916246404710478
1787915449944219751
1787914668570550511
1787910522547093951
1787908517724344648
1787907242651697651
1787769025461961108
1787768103449010597
1787765015036199281
1787764071267536948
1787760912423870780
1787759310392746384
1787756348404650020